Car -1 -1 -1.3191 600.7924 178.9829 723.3264 263.2605 1.4267 1.5815 3.6433 1.1186 1.5669 14.4790 -1.2420 11.1651
Car -1 -1 2.0288 326.5912 176.6010 619.6857 367.0556 1.5306 1.6397 3.5767 -1.2419 1.5818 7.8237 1.8713 10.1328
Car -1 -1 -1.6074 886.9351 181.3067 956.6403 241.9556 1.4987 1.6541 3.9645 8.7397 1.7652 20.5721 -1.2057 8.1086
Car -1 -1 -1.7970 950.6423 174.9308 1241.0000 374.0000 1.6379 1.6145 3.2651 3.9064 1.6611 6.1261 -1.2294 7.5165
Car -1 -1 1.6690 740.5040 169.7091 787.5848 208.2814 1.6617 1.7266 4.1664 7.1326 1.5265 33.3278 1.8799 6.8698
Car -1 -1 -0.6931 0.0000 173.4215 439.4954 374.0000 1.5038 1.6520 3.9852 -2.6361 1.5087 3.6784 -1.3149 5.0038
Car -1 -1 -1.7452 757.3002 173.8416 799.0313 201.7854 1.4958 1.6177 4.0069 9.4178 1.5549 40.8088 -1.5184 3.4831
Car -1 -1 -2.8775 593.8017 166.5533 704.3211 206.0953 1.4870 1.6517 4.0784 1.5148 1.2504 28.5518 -2.8245 2.7916
Car -1 -1 -1.5435 877.1647 181.9869 931.6328 229.9316 1.4429 1.5959 3.8479 10.0319 1.7809 24.5874 -1.1561 2.2010
Car -1 -1 1.5996 730.4084 155.0961 747.9210 171.1079 1.4881 1.5551 3.7172 12.4387 -0.1725 69.4668 1.7768 -0.4407
